$GPGSV,3,1,12,16,13,182,43,27,56,133,48,32,26,109,46,02,36,279,*7E
$GPGSV,3,2,12,03,02,215,,08,70,299,,14,06,324,,21,53,289,*71
$GPGSV,3,3,12,23,14,043,,34,,,40,36,,,36,49,,,37*43
$BDGSV,3,1,09,05,18,115,34,19,55,108,40,20,27,047,22,22,27,177,44*68
$BDGSV,3,2,09,26,06,232,39,29,26,104,46,01.1,0.8,0.8*25
$GLGSV,3,1,11,78,23,305,29,,,,46,86,37,074,31,77,19,243,35*56
$GLGSV,3,2,11,65,03,180,28,88,18,295,35,87,59,348,22,71,45,061,22*6A
$GLGSV,3,3,11,72,44,137,47,70,09,022,,79,02,350,*52
$GPGSV,3,1,12,16,13,182,43,27,56,133,48,32,26,109,46,02,36,279,*7E
$GPGSV,3,2,12,03,02,215,,08,70,299,,14,06,324,,21,53,289,*71
$GPGSV,3,3,12,23,14,043,,34,,,40,36,,,36,49,,,37*43
$BDGSV,3,1,09,05,18,115,33,19,55,108,40,20,27,047,22,22,27,177,45*6E
$BDGSV,3,2,09,26,06,232,40,29,26,104,46,02,0.8,0.8*26
$GLGSV,3,1,11,78,23,305,28,,,,46,86,37,074,30,77,19,243,35*56
$GLGSV,3,2,11,65,03,180,29,88,18,295,35,87,59,348,23,71,45,061,16*6D
$GLGSV,3,3,11,72,44,137,47,70,09,022,,79,02,350,*52
$GPGSV,3,1,12,16,13,182,43,27,56,133,48,32,26,109,46,02,36,279,*7E
$GPGSV,3,2,12,03,02,215,,08,70,299,,14,06,324,,21,53,289,*71
$GPGSV,3,3,12,23,14,043,,34,,,40,36,,,36,49,,,37*43
$BDGSV,3,1,09,05,18,115,33,19,55,108,40,20,27,047,22,22,27,177,44*6F
$BDGSV,3,2,09,26,06,232,40,29,26,104,46,02,0.8,0.8*26
$GLGSV,3,1,11,78,23,305,28,,,,46,86,37,074,30,77,19,243,35*56
$GLGSV,3,2,11,65,03,180,29,88,18,295,34,87,59,348,24,71,45,061,16*6B

$GPRMC,064036.289,A,4836.5375,N,00740.9373,E,3.2,200.2,120222,000.0,W*7F